000000010111
000000011000
000000011001
000000011010
000000011011
000000011100
000000011101
000000011110
000000100111
000000101000
000000101001
000000101010
000000101011
000000101100
000000101101
000000110110
000000110111
000000111000
000000111001
000000111010
000000111011
000000111100
000000111101
000001000110
000001000111
000001001000
000001001001
000001001010
000001001011
000001001100
000001010101
000001010110
000001010111
000001011000
000001011001
000001011010
000001011011
000001011100
000001100101
000001100110
000001100111
000001101000
000001101001
000001101010
000001101011
000001110100
000001110101
000001110110
000001110111
000001111000
000001111001
000001111010
000001111011
000010000100
000010000101
000010000110
000010000111
000010001000
000010001001
000010001010
000010010011
000010010100
000010010101
000010010110
000010010111
000010011000
000010011001
000010011010
000010100011
000010100100
000010100101
000010100110
000010100111
000010101000
000010101001
000010110010
000010110011
000010110100
000010110101
000010110110
000010110111
000010111000
000010111001
000011000010
000011000011
000011000100
000011000101
000011000110
000011000111
000011001000
000100010111
000100011000
000100011001
000100011010
000100011011
000100011100
000100011101
000100011110
000100100111
000100101000
000100101001
000100101010
000100101011
000100101100
000100101101
000100110110
000100110111
000100111000
000100111001
000100111010
000100111011
000100111100
000100111101
000101000110
000101000111
000101001000
000101001001
000101001010
000101001011
000101001100
000101010101
000101010110
000101010111
000101011000
000101011001
000101011010
000101011011
000101011100
000101100101
000101100110
000101100111
000101101000
000101101001
000101101010
000101101011
000101110100
000101110101
000101110110
000101110111
000101111000
000101111001
000101111010
000101111011
000110000100
000110000101
000110000110
000110000111
000110001000
000110001001
000110001010
000110010011
000110010100
000110010101
000110010110
000110010111
000110011000
000110011001
000110011010
000110100011
000110100100
000110100101
000110100110
000110100111
000110101000
000110101001
000110110010
000110110011
000110110100
000110110101
000110110110
000110110111
000110111000
000110111001
000111000010
000111000011
000111000100
000111000101
000111000110
000111000111
000111001000
001000010111
001000011000
001000011001
001000011010
001000011011
001000011100
001000011101
001000011110
001000100111
001000101000
001000101001
001000101010
001000101011
001000101100
001000101101
001000110110
001000110111
001000111000
001000111001
001000111010
001000111011
001000111100
001000111101
001001000110
001001000111
001001001000
001001001001
001001001010
001001001011
001001001100
001001010101
001001010110
001001010111
001001011000
001001011001
001001011010
001001011011
001001011100
001001100101
001001100110
001001100111
001001101000
001001101001
001001101010
001001101011
001001110100
001001110101
001001110110
001001110111
001001111000
001001111001
001001111010
001001111011
001010000100
001010000101
001010000110
001010000111
001010001000
001010001001
001010001010
001010010011
001010010100
001010010101
001010010110
001010010111
001010011000
001010011001
001010011010
001010100011
001010100100
001010100101
001010100110
001010100111
001010101000
001010101001
001010110010
001010110011
001010110100
001010110101
001010110110
001010110111
001010111000
001010111001
001011000010
001011000011
001011000100
001011000101
001011000110
001011000111
001011001000
001100010111
001100011000
001100011001
001100011010
001100011011
001100011100
001100011101
001100011110
001100100111
001100101000
001100101001
001100101010
001100101011
001100101100
001100101101
001100110110
001100110111
001100111000
001100111001
001100111010
001100111011
001100111100
001100111101
001101000110
001101000111
001101001000
001101001001
001101001010
001101001011
001101001100
001101010101
001101010110
001101010111
001101011000
001101011001
001101011010
001101011011
001101011100
001101100101
001101100110
001101100111
001101101000
001101101001
001101101010
001101101011
001101110100
001101110101
001101110110
001101110111
001101111000
001101111001
001101111010
001101111011
001110000100
001110000101
001110000110
001110000111
001110001000
001110001001
001110001010
001110010011
001110010100
001110010101
001110010110
001110010111
001110011000
001110011001
001110011010
001110100011
001110100100
001110100101
001110100110
001110100111
001110101000
001110101001
001110110010
001110110011
001110110100
001110110101
001110110110
001110110111
001110111000
001110111001
001111000010
001111000011
001111000100
001111000101
001111000110
001111000111
001111001000
010000010111
010000011000
010000011001
010000011010
010000011011
010000011100
010000011101
010000011110
010000100111
010000101000
010000101001
010000101010
010000101011
010000101100
010000101101
010000110110
010000110111
010000111000
010000111001
010000111010
010000111011
010000111100
010000111101
010001000110
010001000111
010001001000
010001001001
010001001010
010001001011
010001001100
010001010101
010001010110
010001010111
010001011000
010001011001
010001011010
010001011011
010001011100
010001100101
010001100110
010001100111
010001101000
010001101001
010001101010
010001101011
010001110100
010001110101
010001110110
010001110111
010001111000
010001111001
010001111010
010001111011
010010000100
010010000101
010010000110
010010000111
010010001000
010010001001
010010001010
010010010011
010010010100
010010010101
010010010110
010010010111
010010011000
010010011001
010010011010
010010100011
010010100100
010010100101
010010100110
010010100111
010010101000
010010101001
010010110010
010010110011
010010110100
010010110101
010010110110
010010110111
010010111000
010010111001
010011000010
010011000011
010011000100
010011000101
010011000110
010011000111
010011001000
010100010111
010100011000
010100011001
010100011010
010100011011
010100011100
010100011101
010100011110
010100100111
010100101000
010100101001
010100101010
010100101011
010100101100
010100101101
010100110110
010100110111
010100111000
010100111001
010100111010
010100111011
010100111100
010100111101
010101000110
010101000111
010101001000
010101001001
010101001010
010101001011
010101001100
010101010101
010101010110
010101010111
010101011000
010101011001
010101011010
010101011011
010101011100
010101100101
010101100110
010101100111
010101101000
010101101001
010101101010
010101101011
010101110100
010101110101
010101110110
010101110111
010101111000
010101111001
010101111010
010101111011
010110000100
010110000101
010110000110
010110000111
010110001000
010110001001
010110001010
010110010011
010110010100
010110010101
010110010110
010110010111
010110011000
010110011001
010110011010
010110100011
010110100100
010110100101
010110100110
010110100111
010110101000
010110101001
010110110010
010110110011
010110110100
010110110101
010110110110
010110110111
010110111000
010110111001
010111000010
010111000011
010111000100
010111000101
010111000110
010111000111
010111001000
011000010111
011000011000
011000011001
011000011010
011000011011
011000011100
011000011101
011000011110
011000100111
011000101000
011000101001
011000101010
011000101011
011000101100
011000101101
011000110110
011000110111
011000111000
011000111001
011000111010
011000111011
011000111100
011000111101
011001000110
011001000111
011001001000
011001001001
011001001010
011001001011
011001001100
011001010101
011001010110
011001010111
011001011000
011001011001
011001011010
011001011011
011001011100
011001100101
011001100110
011001100111
011001101000
011001101001
011001101010
011001101011
011001110100
011001110101
011001110110
011001110111
011001111000
011001111001
011001111010
011001111011
011010000100
011010000101
011010000110
011010000111
011010001000
011010001001
011010001010
011010010011
011010010100
011010010101
011010010110
011010010111
011010011000
011010011001
011010011010
011010100011
011010100100
011010100101
011010100110
011010100111
011010101000
011010101001
011010110010
011010110011
011010110100
011010110101
011010110110
011010110111
011010111000
011010111001
011011000010
011011000011
011011000100
011011000101
011011000110
011011000111
011011001000
011100010111
011100011000
011100011001
011100011010
011100011011
011100011100
011100011101
011100011110
011100100111
011100101000
011100101001
011100101010
011100101011
011100101100
011100101101
011100110110
011100110111
011100111000
011100111001
011100111010
011100111011
011100111100
011100111101
011101000110
011101000111
011101001000
011101001001
011101001010
011101001011
011101001100
011101010101
011101010110
011101010111
011101011000
011101011001
011101011010
011101011011
011101011100
011101100101
011101100110
011101100111
011101101000
011101101001
011101101010
011101101011
011101110100
011101110101
011101110110
011101110111
011101111000
011101111001
011101111010
011101111011
011110000100
011110000101
011110000110
011110000111
011110001000
011110001001
011110001010
011110010011
011110010100
011110010101
011110010110
011110010111
011110011000
011110011001
011110011010
011110100011
011110100100
011110100101
011110100110
011110100111
011110101000
011110101001
011110110010
011110110011
011110110100
011110110101
011110110110
011110110111
011110111000
011110111001
011111000010
011111000011
011111000100
011111000101
011111000110
011111000111
011111001000
100000010111
100000011000
100000011001
100000011010
100000011011
100000011100
100000011101
100000011110
100000100111
100000101000
100000101001
100000101010
100000101011
100000101100
100000101101
100000110110
100000110111
100000111000
100000111001
100000111010
100000111011
100000111100
100000111101
100001000110
100001000111
100001001000
100001001001
100001001010
100001001011
100001001100
100001010101
100001010110
100001010111
100001011000
100001011001
100001011010
100001011011
100001011100
100001100101
100001100110
100001100111
100001101000
100001101001
100001101010
100001101011
100001110100
100001110101
100001110110
100001110111
100001111000
100001111001
100001111010
100001111011
100010000100
100010000101
100010000110
100010000111
100010001000
100010001001
100010001010
100010010011
100010010100
100010010101
100010010110
100010010111
100010011000
100010011001
100010011010
100010100011
100010100100
100010100101
100010100110
100010100111
100010101000
100010101001
100010110010
100010110011
100010110100
100010110101
100010110110
100010110111
100010111000
100010111001
100011000010
100011000011
100011000100
100011000101
100011000110
100011000111
100011001000
100100010111
100100011000
100100011001
100100011010
100100011011
100100011100
100100011101
100100011110
100100100111
100100101000
100100101001
100100101010
100100101011
100100101100
100100101101
100100110110
100100110111
100100111000
100100111001
100100111010
100100111011
100100111100
100100111101
100101000110
100101000111
100101001000
100101001001
100101001010
100101001011
100101001100
100101010101
100101010110
100101010111
100101011000
100101011001
100101011010
100101011011
100101011100
100101100101
100101100110
100101100111
100101101000
100101101001
100101101010
100101101011
100101110100
100101110101
100101110110
100101110111
100101111000
100101111001
100101111010
100101111011
100110000100
100110000101
100110000110
100110000111
100110001000
100110001001
100110001010
100110010011
100110010100
100110010101
100110010110
100110010111
100110011000
100110011001
100110011010
100110100011
100110100100
100110100101
100110100110
100110100111
100110101000
100110101001
100110110010
100110110011
100110110100
100110110101
100110110110
100110110111
100110111000
100110111001
100111000010
100111000011
100111000100
100111000101
100111000110
100111000111
100111001000
101000010111
101000011000
101000011001
101000011010
101000011011
101000011100
101000011101
101000011110
101000100111
101000101000
101000101001
101000101010
101000101011
101000101100
101000101101
101000110110
101000110111
101000111000
101000111001
101000111010
101000111011
101000111100
101000111101
101001000110
101001000111
101001001000
101001001001
101001001010
101001001011
101001001100
101001010101
101001010110
101001010111
101001011000
101001011001
101001011010
101001011011
101001011100
101001100101
101001100110
101001100111
101001101000
101001101001
101001101010
101001101011
101001110100
101001110101
101001110110
101001110111
101001111000
101001111001
101001111010
101001111011
101010000100
101010000101
101010000110
101010000111
101010001000
101010001001
101010001010
101010010011
101010010100
101010010101
101010010110
101010010111
101010011000
101010011001
101010011010
101010100011
101010100100
101010100101
101010100110
101010100111
101010101000
101010101001
101010110010
101010110011
101010110100
101010110101
101010110110
101010110111
101010111000
101010111001
101011000010
101011000011
101011000100
101011000101
101011000110
101011000111
101011001000
101100010111
101100011000
101100011001
101100011010
101100011011
101100011100
101100011101
101100011110
101100100111
101100101000
101100101001
101100101010
101100101011
101100101100
101100101101
101100110110
101100110111
101100111000
101100111001
101100111010
101100111011
101100111100
101100111101
101101000110
101101000111
101101001000
101101001001
101101001010
101101001011
101101001100
101101010101
101101010110
101101010111
101101011000
101101011001
101101011010
101101011011
101101011100
101101100101
101101100110
101101100111
101101101000
101101101001
101101101010
101101101011
101101110100
101101110101
101101110110
101101110111
101101111000
101101111001
101101111010
101101111011
101110000100
101110000101
101110000110
101110000111
101110001000
101110001001
101110001010
101110010011
101110010100
101110010101
101110010110
101110010111
101110011000
101110011001
101110011010
101110100011
101110100100
101110100101
101110100110
101110100111
101110101000
101110101001
101110110010
101110110011
101110110100
101110110101
101110110110
101110110111
101110111000
101110111001
101111000010
101111000011
101111000100
101111000101
101111000110
101111000111
101111001000
110000010111
110000011000
110000011001
110000011010
110000011011
110000011100
110000011101
110000011110
110000100111
110000101000
110000101001
110000101010
110000101011
110000101100
110000101101
110000110110
110000110111
110000111000
110000111001
110000111010
110000111011
110000111100
110000111101
110001000110
110001000111
110001001000
110001001001
110001001010
110001001011
110001001100
110001010101
110001010110
110001010111
110001011000
110001011001
110001011010
110001011011
110001011100
110001100101
110001100110
110001100111
110001101000
110001101001
110001101010
110001101011
110001110100
110001110101
110001110110
110001110111
110001111000
110001111001
110001111010
110001111011
110010000100
110010000101
110010000110
110010000111
110010001000
110010001001
110010001010
110010010011
110010010100
110010010101
110010010110
110010010111
110010011000
110010011001
110010011010
110010100011
110010100100
110010100101
110010100110
110010100111
110010101000
110010101001
110010110010
110010110011
110010110100
110010110101
110010110110
110010110111
110010111000
110010111001
110011000010
110011000011
110011000100
110011000101
110011000110
110011000111
110011001000
110100010111
110100011000
110100011001
110100011010
110100011011
110100011100
110100011101
110100011110
110100100111
110100101000
110100101001
110100101010
110100101011
110100101100
110100101101
110100110110
110100110111
110100111000
110100111001
110100111010
110100111011
110100111100
110100111101
110101000110
110101000111
110101001000
110101001001
110101001010
110101001011
110101001100
110101010101
110101010110
110101010111
110101011000
110101011001
110101011010
110101011011
110101011100
110101100101
110101100110
110101100111
110101101000
110101101001
110101101010
110101101011
110101110100
110101110101
110101110110
110101110111
110101111000
110101111001
110101111010
110101111011
110110000100
110110000101
110110000110
110110000111
110110001000
110110001001
110110001010
110110010011
110110010100
110110010101
110110010110
110110010111
110110011000
110110011001
110110011010
110110100011
110110100100
110110100101
110110100110
110110100111
110110101000
110110101001
110110110010
110110110011
110110110100
110110110101
110110110110
110110110111
110110111000
110110111001
110111000010
110111000011
110111000100
110111000101
110111000110
110111000111
110111001000
111000010111
111000011000
111000011001
111000011010
111000011011
111000011100
111000011101
111000011110
111000100111
111000101000
111000101001
111000101010
111000101011
111000101100
111000101101
111000110110
111000110111
111000111000
111000111001
111000111010
111000111011
111000111100
111000111101
111001000110
111001000111
111001001000
111001001001
111001001010
111001001011
111001001100
111001010101
111001010110
111001010111
111001011000
111001011001
111001011010
111001011011
111001011100
111001100101
111001100110
111001100111
111001101000
111001101001
111001101010
111001101011
111001110100
111001110101
111001110110
111001110111
111001111000
111001111001
111001111010
111001111011
111010000100
111010000101
111010000110
111010000111
111010001000
111010001001
111010001010
111010010011
111010010100
111010010101
111010010110
111010010111
111010011000
111010011001
111010011010
111010100011
111010100100
111010100101
111010100110
111010100111
111010101000
111010101001
111010110010
111010110011
111010110100
111010110101
111010110110
111010110111
111010111000
111010111001
111011000010
111011000011
111011000100
111011000101
111011000110
111011000111
111011001000
111100010111
111100011000
111100011001
111100011010
111100011011
111100011100
111100011101
111100011110
111100100111
111100101000
111100101001
111100101010
111100101011
111100101100
111100101101
111100110110
111100110111
111100111000
111100111001
111100111010
111100111011
111100111100
111100111101
111101000110
111101000111
111101001000
111101001001
111101001010
111101001011
111101001100
111101010101
111101010110
111101010111
111101011000
111101011001
111101011010
111101011011
111101011100
111101100101
111101100110
111101100111
111101101000
111101101001
111101101010
111101101011
111101110100
111101110101
111101110110
111101110111
111101111000
111101111001
111101111010
111101111011
111110000100
111110000101
111110000110
111110000111
111110001000
111110001001
111110001010
111110010011
111110010100
111110010101
111110010110
111110010111
111110011000
111110011001
111110011010
111110100011
111110100100
111110100101
111110100110
111110100111
111110101000
111110101001
111110110010
111110110011
111110110100
111110110101
111110110110
111110110111
111110111000
111110111001
111111000010
111111000011
111111000100
111111000101
111111000110
111111000111
111111001000
